0.0649228
0.0688069
0.0630839
0.0648089
0.0630538
0.0459304
0.0497079
0.0347795
0.0183144
0.0173496
0.0551166
0.017245
0.00875589
0.0121736
0.00323437
0.0260185
0.0639071
0.0631469
0.0644055
0.0657495
0.0687948
0.0635878
0.0639281
0.0701856
0.078377
0.0667561
0.0727701
0.103779
0.07056
0.0893243
0.0684926
0.0833461
0.145026
0.141988
0.144499
0.109502
0.108042
0.0902808
0.0743036
0.111453
0.0544479
0.0920018
0.0481421
0.0681443
0.0790533
0.0506488
0.038424
0.0982686
0.0499567
0.105768
0.0442083
0.034894
0.0393476
0.0651247
0.0437311
0.0392038
0.0312946
0.0397629
0.0356061
0.0770564
0.0295162
0.0588725
0.0278742
0.032521
0.02827
0.0281689
0.0291588
0.0357761
0.0273632
0.0294405
0.0277727
0.0510207
0.0306942
0.0275002
0.0271055
0.024546
0.0373881
0.0262103
0.0244083
0.0148299
0.0674049
0.0517578
0.0187089
0.0209493
0.00887292
0.0439771
0.0368008
0.0463379
0.0288254
0.0308405
0.0309734
0.0427034
0.031081
0.0360049
0.0286347
0.0292655
0.0284039
0.0304057
0.0357363
0.0323073
0.0451704
0.033254
0.039069
0.0302373
0.0302423
0.0488484
0.0563895
0.0327475
0.0361955
0.0438054
0.0465377
0.0830739
0.0589244
0.0407167
0.0663692
0.0396307
0.0692928
0.064176
0.0597918
0.064137
0.0492335
0.0881682
0.0771928
0.101348
0.110479
0.0539596
0.0669598
0.0819212
0.0548042
0.0730089
0.0546584
0.0484873
0.0487792
0.0553838
0.0531349
0.0502875
0.0468495
0.048294
0.0600783
0.0453058
0.0457673
0.0536536
0.0541411
0.047145
0.0471256
0.0419264
0.0222431
0.0301211
0.0419201
0.0291827
0.046172
0.055723
0.0159842
0.0160443
0.00688812
0.00261398
0.0461333
0.0467134
0.06402
0.0614262
0.0464242
0.0472517
0.0633907
0.0503424
0.0464179
0.0481115
0.0476215
0.0496333
0.0474826
0.0508707
0.0829318
0.0496907
0.0520018
0.0672049
0.0714977
0.0538499
0.0746903
0.0554769
0.0755293
0.0824242
0.0640102
0.0580202
0.0681653
0.0836438
0.091067
0.0867777
0.1102
0.0891693
0.105037
0.149075
0.0729335
0.183095
0.101978
0.128509
0.224178
0.159904
0.174932
0.0949411
0.115561
0.0980223
0.092949
0.125721
0.0940194
0.0894896
0.119315
0.0945464
0.0998971
0.123393
0.0906824
0.0874637
0.0897413
0.0879106
0.0848192
0.0848033
0.0846923
0.0725323
0.0510932
0.0249321
0.0269798
0.00351667
0.01022
0.00137019
0.0302736
0.0197007
0.00670997
0.0274634
0.0960973
0.0850767
0.087574
0.0848388
0.0916987
0.107618
0.0852985
0.0869216
0.0987479
0.0929085
0.0878809
0.0902722
0.103331
0.102586
0.0971386
0.106312
0.112606
0.0975659
0.11749
0.124611
0.107969
0.100607
0.160324
0.115049
0.152204
0.13382
0.167682
0.166346
0.105903
0.149355
0.100724
0.150287
0.0929672
0.144232
0.111467
0.216696
0.557734
